0.3700
0.3380
0.3380
0.3560
0.3900
0.6100
0.7120
0.7560
0.7660
0.7020
0.6460
0.6100
0.6080
0.5820
0.5460
0.5480
0.5460
0.5480
0.5420
0.5440
0.5440
0.5440
0.5440
0.5420
0.5420
0.5420
0.5460
0.5420
0.5460
0.5420
0.5460
0.5440
0.5460
0.5460
0.5460
0.5460
0.5460
0.5540
0.5460
0.5520
0.5460
0.5560
0.5600
0.5640
0.5680
0.5640
0.5680
0.5660
0.5680
0.5680
0.5680
0.5700
0.5740
0.5780
0.5780
0.5880
0.6100
0.6240
0.6620
0.7140
0.7240
0.7280
0.7180
0.7380
0.7380
0.7140
0.7300
0.7440
0.7320
0.7440
0.7340
0.7420
0.7640
0.7700
0.7620
0.7700
0.7620
0.7680
0.7680
0.7680
0.7680
0.7680
0.7760
0.7680
0.7660
0.7800
0.7780
0.7840
0.7860
0.7840
0.7940
0.7880
0.7880
0.7840
0.7920
0.7880
0.7860
0.7780
0.7840
0.7800
