0.6783
0.7154
0.6942
0.7405
0.7682
0.7281
0.7530
0.8115
0.7961
0.8199
0.8358
0.8044
0.8217
0.8562
0.8614
0.8643
0.8698
0.8633
0.8169
0.8147
0.8155
0.8178
0.8190
0.8185
0.8151
0.8160
0.8188
0.8172
0.8164
0.8165
0.8166
0.8135
0.8189
0.8197
0.8167
0.8176
0.8170
0.8172
0.8176
0.8184
0.8176
0.8165
0.8184
0.8145
0.8101
0.8124
0.8214
0.8192
0.8196
0.8224
0.8197
0.8190
0.8216
0.8194
0.8194
0.8193
0.8230
0.8191
0.8197
0.8196
0.8236
0.8214
0.8209
0.8236
0.8208
0.8211
0.8207
0.8234
0.8210
0.8248
0.8238
0.8235
0.8204
0.8207
0.8243
0.8216
0.8232
0.8212
0.8216
0.8220
0.8243
0.8244
0.8217
0.8215
0.8212
0.8246
0.8212
0.8251
0.8222
0.8209
0.8219
0.8226
0.8217
0.8253
0.8247
0.8226
0.8230
0.8232
0.8225
0.8228
