0.7240
0.7140
0.7020
0.6440
0.6420
0.6420
0.6420
0.6400
0.6400
0.6400
0.6400
0.6400
0.6400
0.6400
0.6400
0.6400
0.6400
0.6400
0.6400
0.6400
0.6400
0.6400
0.6400
0.6400
0.6400
0.6400
0.6400
0.6420
0.6400
0.6420
0.6420
0.6460
0.6420
0.6420
0.6420
0.6480
0.6460
0.6440
0.6420
0.6560
0.6580
0.6640
0.6780
0.6660
0.6960
0.6800
0.6740
0.6700
0.6880
0.6820
0.7200
0.7340
0.7460
0.7760
0.7980
0.8160
0.8240
0.8260
0.8260
0.8440
0.8400
0.8220
0.8200
0.8280
0.8360
0.8220
0.8220
0.8380
0.8340
0.8560
0.8460
0.8500
0.8600
0.8700
0.8640
0.8700
0.8660
0.8680
0.8580
0.8580
0.8500
0.8540
0.8540
0.8720
0.8720
0.8720
0.8720
0.8720
0.8720
0.8780
0.8780
0.8840
0.8840
0.8820
0.8800
0.8780
0.8720
0.8720
0.8760
0.8720
