0.7180
0.6480
0.6360
0.6440
0.6360
0.6320
0.6300
0.6320
0.6300
0.6300
0.6300
0.6300
0.6300
0.6300
0.6300
0.6300
0.6300
0.6300
0.6300
0.6300
0.6300
0.6300
0.6300
0.6300
0.6300
0.6300
0.6300
0.6300
0.6300
0.6300
0.6300
0.6300
0.6300
0.6300
0.6300
0.6300
0.6300
0.6300
0.6300
0.6300
0.6300
0.6300
0.6300
0.6300
0.6300
0.6300
0.6300
0.6300
0.6300
0.6300
0.6300
0.6300
0.6300
0.6300
0.6300
0.6300
0.6300
0.6300
0.6300
0.6300
0.6300
0.6300
0.6300
0.6300
0.6300
0.6300
0.6300
0.6300
0.6300
0.6300
0.6300
0.6300
0.6300
0.6300
0.6300
0.6300
0.6300
0.6300
0.6300
0.6300
0.6300
0.6320
0.6320
0.6320
0.6320
0.6320
0.6320
0.6320
0.6320
0.6320
0.6340
0.6360
0.6360
0.6380
0.6440
0.6500
0.6600
0.6680
0.7020
0.7160
