0.6820
0.6220
0.7260
0.6860
0.6940
0.6940
0.6880
0.6940
0.6680
0.6540
0.6400
0.6880
0.6620
0.6540
0.6460
0.6940
0.6660
0.6560
0.6940
0.6760
0.6540
0.6440
0.6940
0.6680
0.6560
0.6460
0.6940
0.6680
0.6480
0.6480
0.6460
0.6940
0.6620
0.6400
0.6880
0.6740
0.6560
0.6380
0.6840
0.6600
0.6400
0.6940
0.6560
0.6560
0.6520
0.6940
0.6580
0.6460
0.6480
0.6480
0.7040
0.6760
0.6600
0.6440
0.6880
0.6620
0.6480
0.6540
0.6940
0.6720
0.6560
0.6420
0.6880
0.6660
0.6460
0.6340
0.6940
0.6560
0.6540
0.6460
0.6940
0.6660
0.6500
0.6400
0.6900
0.6560
0.6520
0.6920
0.6580
0.6380
0.6880
0.6560
0.6380
0.6940
0.6740
0.6560
0.6520
0.6940
0.6700
0.6560
0.6400
0.6900
0.6560
0.6420
0.6520
0.6880
0.6680
0.6540
0.6360
0.6880
