0.7900
0.7100
0.5780
0.5700
0.5820
0.5780
0.7040
0.5860
0.5800
0.5820
0.5720
0.5700
0.5840
0.5760
0.5820
0.5820
0.5960
0.7040
0.5640
0.5700
0.6960
0.7060
0.5980
0.5940
0.5720
0.5780
0.5740
0.6700
0.7480
0.7480
0.7420
0.7460
0.7440
0.7360
0.7480
0.7400
0.7500
0.7440
0.7480
0.7400
0.7480
0.7460
0.7460
0.7420
0.7460
0.7420
0.7480
0.7420
0.7480
0.7460
0.7480
0.7460
0.7480
0.7380
0.7480
0.7420
0.7480
0.7420
0.7480
0.7460
0.7460
0.7440
0.7500
0.7420
0.7480
0.7420
0.7460
0.7420
0.7160
0.7460
0.7520
0.7340
0.7460
0.7200
0.7480
0.7240
0.7440
0.7200
0.7440
0.7280
0.7480
0.7200
0.7480
0.7240
0.7460
0.7200
0.7480
0.7240
0.7460
0.7200
0.7480
0.7240
0.7460
0.7200
0.7480
0.7240
0.7460
0.7200
0.7480
0.7240
