0.3820
0.3740
0.3800
0.4280
0.5520
0.5840
0.8380
0.7980
0.8360
0.8440
0.8300
0.7960
0.7900
0.7760
0.7840
0.7780
0.7720
0.7660
0.7760
0.7760
0.7740
0.7780
0.7740
0.7860
0.7980
0.7680
0.7880
0.7860
0.7860
0.7280
0.7400
0.7260
0.7180
0.6980
0.7360
0.7220
0.7060
0.7060
0.7080
0.7340
0.7380
0.7360
0.7360
0.7840
0.7840
0.8060
0.8140
0.8240
0.8260
0.8360
0.8240
0.8260
0.8180
0.8260
0.8200
0.8260
0.8200
0.8220
0.8340
0.8360
0.8340
0.8360
0.8340
0.8400
0.8360
0.8420
0.8440
0.8400
0.8400
0.8500
0.8480
0.8480
0.8520
0.8500
0.8480
0.8480
0.8480
0.8540
0.8520
0.8540
0.8540
0.8600
0.8640
0.8640
0.8560
0.8540
0.8640
0.8640
0.8560
0.8620
0.8660
0.8620
0.8620
0.8500
0.8640
0.8620
0.8560
0.8500
0.8500
0.8500
