0.6987
0.6272
0.6358
0.7681
0.7931
0.8290
0.8506
0.8964
0.8994
0.9004
0.9158
0.9125
0.9226
0.8905
0.9207
0.9221
0.9268
0.9221
0.9337
0.9341
0.9317
0.9385
0.9323
0.9402
0.9411
0.9426
0.9427
0.9431
0.9434
0.9440
0.9449
0.9459
0.9447
0.9451
0.9451
0.9453
0.9433
0.9465
0.9429
0.9466
0.9464
0.9476
0.9478
0.9472
0.9479
0.9468
0.9474
0.9485
0.9483
0.9489
0.9489
0.9488
0.9489
0.9493
0.9502
0.9495
0.9498
0.9500
0.9500
0.9502
0.9508
0.9506
0.9506
0.9508
0.9514
0.9515
0.9513
0.9517
0.9519
0.9521
0.9521
0.9518
0.9525
0.9525
0.9528
0.9527
0.9532
0.9537
0.9537
0.9540
0.9535
0.9536
0.9539
0.9537
0.9538
0.9541
0.9538
0.9534
0.9540
0.9542
0.9541
0.9537
0.9547
0.9545
0.9550
0.9553
0.9546
0.9551
0.9545
0.9555
