0.6340
0.7140
0.7780
0.7700
0.7840
0.7200
0.7360
0.6900
0.6860
0.6760
0.6980
0.6660
0.6720
0.6820
0.6840
0.6860
0.7020
0.6660
0.6640
0.6500
0.6380
0.6420
0.6480
0.6480
0.6480
0.6500
0.6520
0.6520
0.6540
0.6560
0.6560
0.6560
0.6560
0.6600
0.6600
0.6640
0.6700
0.6720
0.6740
0.6720
0.6800
0.6720
0.6860
0.6840
0.6820
0.6820
0.6800
0.6920
0.7040
0.6980
0.7140
0.7060
0.7280
0.7220
0.7260
0.7260
0.7340
0.7240
0.7120
0.7080
0.7040
0.7020
0.7020
0.7020
0.7240
0.7840
0.7800
0.7940
0.8100
0.8100
0.8320
0.8520
0.8720
0.8880
0.8980
0.8880
0.8980
0.9000
0.8840
0.8980
0.9000
0.8960
0.8880
0.8900
0.9020
0.9020
0.8960
0.8780
0.8820
0.8900
0.8940
0.8960
0.9200
0.9160
0.9120
0.9140
0.9160
0.9160
0.9220
0.9160
