0.6347
0.6336
0.6557
0.7047
0.6885
0.6560
0.6962
0.7013
0.7622
0.7566
0.7866
0.8158
0.8087
0.8260
0.8502
0.8465
0.8549
0.8862
0.8690
0.8686
0.8705
0.8607
0.8663
0.8634
0.8589
0.8541
0.8494
0.8666
0.8688
0.8682
0.8602
0.8696
0.8651
0.8596
0.8643
0.8580
0.8575
0.8585
0.8587
0.8585
0.8585
0.8586
0.8589
0.8729
0.8728
0.8712
0.8734
0.8737
0.8649
0.8614
0.8730
0.8748
0.8745
0.8763
0.8747
0.8615
0.8616
0.8755
0.8628
0.8620
0.8628
0.8754
0.8696
0.8714
0.8635
0.8694
0.8637
0.8769
0.8640
0.8645
0.8644
0.8643
0.8646
0.8650
0.8769
0.8644
0.8781
0.8649
0.8780
0.8665
0.8651
0.8784
0.8650
0.8650
0.8691
0.8659
0.8785
0.8658
0.8653
0.8655
0.8657
0.8659
0.8650
0.8791
0.8660
0.8793
0.8658
0.8659
0.8828
0.8662
