0.4140
0.4280
0.4380
0.6260
0.6960
0.6880
0.6840
0.6200
0.6000
0.5980
0.5980
0.5980
0.5760
0.5760
0.5780
0.5760
0.5760
0.5800
0.5760
0.5760
0.5780
0.5720
0.5780
0.5720
0.5780
0.5700
0.5780
0.5700
0.5780
0.5700
0.5820
0.6000
0.5860
0.5940
0.5780
0.5840
0.5760
0.5800
0.5760
0.5700
0.5880
0.5820
0.5760
0.5720
0.5700
0.5740
0.5840
0.5800
0.5780
0.5880
0.5820
0.5820
0.5800
0.5940
0.6040
0.6120
0.6280
0.6400
0.6720
0.6920
0.7020
0.7040
0.7080
0.7400
0.7400
0.7440
0.7660
0.7700
0.8020
0.8020
0.7760
0.8000
0.8020
0.7840
0.7880
0.8040
0.8040
0.8040
0.8040
0.7760
0.8100
0.8200
0.8120
0.8100
0.8140
0.8280
0.8260
0.8140
0.8140
0.8140
0.8120
0.8100
0.8100
0.8060
0.8080
0.8020
0.8040
0.8080
0.8040
0.8080
