0.6907
0.6764
0.7505
0.8089
0.7841
0.7701
0.7552
0.8350
0.8401
0.8549
0.8866
0.8660
0.8787
0.8939
0.8942
0.8931
0.8914
0.8952
0.9079
0.9110
0.9036
0.9051
0.9100
0.9055
0.9108
0.9116
0.9142
0.9133
0.9149
0.9145
0.9159
0.9154
0.9152
0.9165
0.9162
0.9156
0.9173
0.9154
0.9173
0.9171
0.9170
0.9171
0.9174
0.9181
0.9168
0.9177
0.9180
0.9180
0.9184
0.9191
0.9188
0.9191
0.9204
0.9193
0.9191
0.9199
0.9197
0.9200
0.9198
0.9205
0.9208
0.9202
0.9209
0.9204
0.9206
0.9213
0.9215
0.9216
0.9216
0.9225
0.9222
0.9223
0.9226
0.9225
0.9230
0.9234
0.9232
0.9227
0.9232
0.9230
0.9233
0.9238
0.9230
0.9242
0.9234
0.9242
0.9244
0.9243
0.9241
0.9249
0.9246
0.9248
0.9251
0.9247
0.9245
0.9249
0.9247
0.9257
0.9260
0.9258
