0.6400
0.8180
0.8240
0.8320
0.8320
0.8420
0.8240
0.8120
0.8240
0.8140
0.8540
0.8400
0.8720
0.8140
0.8500
0.8060
0.8360
0.8600
0.8660
0.8660
0.8680
0.8640
0.8680
0.8680
0.8260
0.8300
0.7840
0.7900
0.7800
0.7880
0.7540
0.7360
0.6920
0.7080
0.7600
0.7560
0.7540
0.7540
0.7540
0.7560
0.7760
0.8080
0.8060
0.8200
0.8280
0.8380
0.8340
0.8280
0.8160
0.8040
0.8240
0.8300
0.8480
0.8380
0.8320
0.8280
0.8280
0.8280
0.8280
0.8160
0.8280
0.8340
0.8300
0.8320
0.8480
0.8520
0.8460
0.8500
0.8560
0.8660
0.8640
0.8680
0.8680
0.8680
0.8620
0.8660
0.8720
0.8720
0.8720
0.8660
0.8680
0.8720
0.8720
0.8720
0.8680
0.8720
0.8720
0.8720
0.8680
0.8700
0.8640
0.8580
0.8660
0.8600
0.8600
0.8620
0.8700
0.8660
0.8700
0.8740
