0.6631
0.5910
0.4493
0.4262
0.4263
0.4262
0.4258
0.4258
0.4258
0.4257
0.4258
0.4257
0.4257
0.4258
0.4257
0.4255
0.4259
0.4257
0.4258
0.4256
0.4257
0.4258
0.4259
0.4257
0.4255
0.4257
0.4256
0.4258
0.4257
0.4257
0.4258
0.4256
0.4258
0.4258
0.4257
0.4258
0.4258
0.4256
0.4256
0.4257
0.4259
0.4259
0.4256
0.4255
0.4259
0.4259
0.4258
0.4257
0.4257
0.4258
0.4258
0.4258
0.4257
0.4256
0.4258
0.4259
0.4258
0.4259
0.4256
0.4257
0.4256
0.4257
0.4257
0.4257
0.4257
0.4258
0.4258
0.4258
0.4258
0.4256
0.4258
0.4257
0.4257
0.4257
0.4257
0.4257
0.4257
0.4258
0.4257
0.4258
0.4256
0.4258
0.4258
0.4258
0.4258
0.4258
0.4259
0.4259
0.4260
0.4258
0.4258
0.4258
0.4258
0.4257
0.4258
0.4256
0.4257
0.4258
0.4259
0.4258
