0.4240
0.7360
0.6440
0.6340
0.6280
0.6280
0.6200
0.6200
0.6120
0.6120
0.6080
0.6080
0.6060
0.6060
0.6060
0.6060
0.6060
0.6060
0.6060
0.6060
0.6060
0.6060
0.6060
0.6060
0.6060
0.6100
0.6180
0.6200
0.6220
0.6300
0.6360
0.6320
0.6300
0.6440
0.6400
0.6380
0.6360
0.6540
0.6540
0.6520
0.6520
0.6540
0.6620
0.6680
0.6720
0.6900
0.7020
0.7000
0.7000
0.7060
0.7160
0.7500
0.7420
0.7360
0.7520
0.7420
0.7400
0.7500
0.7480
0.7580
0.7520
0.7680
0.7580
0.7740
0.7680
0.7880
0.7900
0.8120
0.8000
0.8000
0.8000
0.8000
0.8000
0.7980
0.7940
0.8020
0.7940
0.7940
0.8100
0.8100
0.8060
0.8220
0.8220
0.8240
0.8180
0.8120
0.8320
0.8300
0.8300
0.8280
0.8260
0.8200
0.8300
0.8280
0.8300
0.8300
0.8300
0.8300
0.8300
0.8300
