0.6783
0.6146
0.6344
0.6363
0.6739
0.6538
0.7198
0.7071
0.7230
0.7288
0.7431
0.7270
0.7389
0.7055
0.7144
0.7920
0.7805
0.7974
0.8454
0.8532
0.8504
0.8561
0.8515
0.8511
0.8585
0.8572
0.8567
0.8546
0.8613
0.8604
0.8619
0.8541
0.8620
0.8623
0.8626
0.8631
0.8634
0.8629
0.8632
0.8629
0.8632
0.8632
0.8633
0.8638
0.8643
0.8634
0.8642
0.8643
0.8649
0.8653
0.8655
0.8645
0.8645
0.8650
0.8652
0.8651
0.8661
0.8668
0.8655
0.8656
0.8659
0.8664
0.8667
0.8665
0.8667
0.8673
0.8664
0.8667
0.8672
0.8676
0.8678
0.8679
0.8677
0.8673
0.8681
0.8683
0.8685
0.8680
0.8690
0.8681
0.8685
0.8684
0.8683
0.8690
0.8697
0.8691
0.8695
0.8700
0.8698
0.8700
0.8694
0.8698
0.8700
0.8702
0.8704
0.8703
0.8704
0.8702
0.8711
0.8704
