0.7100
0.7240
0.7160
0.7802
0.7995
0.7761
0.7769
0.7825
0.7663
0.8331
0.8301
0.8282
0.8335
0.8435
0.8411
0.8539
0.8505
0.8516
0.8521
0.8556
0.8544
0.8550
0.8544
0.8527
0.8490
0.8513
0.8532
0.8474
0.8449
0.8456
0.8480
0.8458
0.8371
0.8408
0.8459
0.8478
0.8580
0.8561
0.8521
0.8601
0.8594
0.8570
0.8603
0.8537
0.8549
0.8604
0.8600
0.8609
0.8622
0.8612
0.8620
0.8614
0.8617
0.8622
0.8624
0.8623
0.8636
0.8636
0.8632
0.8645
0.8637
0.8643
0.8650
0.8649
0.8639
0.8646
0.8642
0.8644
0.8653
0.8656
0.8649
0.8652
0.8663
0.8652
0.8657
0.8666
0.8670
0.8665
0.8665
0.8671
0.8666
0.8670
0.8677
0.8665
0.8680
0.8675
0.8676
0.8683
0.8678
0.8683
0.8681
0.8682
0.8690
0.8683
0.8678
0.8683
0.8683
0.8683
0.8688
0.8693
