0.6480
0.6320
0.6320
0.6320
0.6320
0.6400
0.6440
0.6480
0.6400
0.6700
0.6780
0.6580
0.6440
0.6600
0.6480
0.6660
0.6480
0.6660
0.6520
0.6760
0.6800
0.7140
0.7360
0.7340
0.7220
0.7500
0.7500
0.7540
0.7880
0.8200
0.8500
0.8200
0.8120
0.8420
0.8240
0.8800
0.8660
0.8440
0.8180
0.8400
0.8600
0.8820
0.8740
0.8840
0.8840
0.8840
0.8740
0.8800
0.8800
0.8720
0.8800
0.8900
0.9080
0.9040
0.8980
0.8980
0.8900
0.9080
0.9100
0.9080
0.9080
0.9120
0.9080
0.9140
0.9140
0.9120
0.9100
0.9100
0.9160
0.9120
0.9160
0.9180
0.9180
0.9180
0.9160
0.9180
0.9180
0.9200
0.9200
0.9200
0.9200
0.9200
0.9180
0.9160
0.9160
0.9140
0.9200
0.9160
0.9200
0.9180
0.9100
0.9140
0.9180
0.9200
0.9200
0.9180
0.9200
0.9200
0.9200
0.9200
