0.6840
0.7200
0.6920
0.8240
0.7600
0.7740
0.8300
0.8140
0.7580
0.7180
0.7020
0.6540
0.6600
0.6920
0.7080
0.6740
0.6700
0.6860
0.6760
0.6940
0.6900
0.7140
0.6780
0.6780
0.7960
0.7640
0.8140
0.8240
0.8560
0.8360
0.8420
0.8560
0.8580
0.8380
0.8580
0.8600
0.8660
0.8580
0.8600
0.8720
0.8820
0.8820
0.8760
0.8720
0.8760
0.8800
0.8760
0.8720
0.8820
0.8880
0.8860
0.8860
0.8860
0.8820
0.8920
0.8840
0.8900
0.8840
0.8900
0.8840
0.8920
0.8900
0.8940
0.8960
0.8960
0.8960
0.8920
0.8900
0.8860
0.8860
0.8740
0.8880
0.8920
0.8940
0.8920
0.8860
0.8960
0.8940
0.8820
0.8960
0.8940
0.8940
0.8940
0.8940
0.8920
0.8880
0.8960
0.8920
0.8860
0.8760
0.8800
0.8840
0.8940
0.8940
0.8940
0.8920
0.8920
0.8920
0.8840
0.8920
