0.4100
0.6680
0.7080
0.7880
0.7900
0.7540
0.7400
0.7160
0.6980
0.6900
0.6760
0.6880
0.6760
0.6640
0.6620
0.6600
0.6600
0.6540
0.6520
0.6520
0.6580
0.6580
0.6600
0.6420
0.6460
0.6460
0.6380
0.6440
0.6360
0.6440
0.6340
0.6440
0.6360
0.6320
0.6420
0.6180
0.6240
0.6380
0.6180
0.6280
0.6400
0.6200
0.6340
0.6440
0.6280
0.6300
0.6360
0.6240
0.6400
0.6280
0.6320
0.6420
0.6400
0.6340
0.6300
0.6420
0.6400
0.6440
0.6540
0.6620
0.6780
0.6660
0.6540
0.6980
0.7240
0.7580
0.7860
0.8040
0.8040
0.8040
0.8000
0.8040
0.8000
0.8000
0.8020
0.8000
0.8000
0.7960
0.7960
0.7940
0.7940
0.7940
0.7940
0.7960
0.7980
0.8040
0.8040
0.8060
0.8120
0.8180
0.8260
0.8160
0.8140
0.8140
0.8160
0.8240
0.8280
0.8280
0.8300
0.8260
