0.6440
0.6360
0.6320
0.6300
0.6300
0.6300
0.6300
0.6300
0.6300
0.6300
0.6300
0.6300
0.6300
0.6300
0.6300
0.6300
0.6300
0.6300
0.6300
0.6300
0.6300
0.6300
0.6300
0.6300
0.6300
0.6300
0.6300
0.6300
0.6300
0.6300
0.6300
0.6300
0.6300
0.6300
0.6300
0.6300
0.6300
0.6300
0.6320
0.6320
0.6320
0.6320
0.6320
0.6320
0.6380
0.6380
0.6400
0.6420
0.6400
0.6440
0.6420
0.6400
0.6480
0.6460
0.6460
0.6540
0.6640
0.6800
0.6960
0.7120
0.7280
0.7280
0.7140
0.7440
0.7400
0.7400
0.7660
0.7860
0.7860
0.7940
0.8020
0.8080
0.8660
0.8840
0.8940
0.8920
0.8900
0.8920
0.9000
0.9140
0.8900
0.9120
0.9020
0.8840
0.9020
0.8860
0.8880
0.8900
0.8820
0.8900
0.8920
0.8860
0.8900
0.8820
0.8780
0.8740
0.8820
0.8820
0.8820
0.8780
