0.5040
0.4200
0.4360
0.6200
0.8100
0.8400
0.8380
0.8960
0.8740
0.9000
0.8560
0.8540
0.8600
0.8840
0.8960
0.8900
0.8840
0.8980
0.8840
0.8980
0.8800
0.8440
0.8060
0.7720
0.7700
0.7520
0.7640
0.7580
0.7660
0.7660
0.7560
0.7760
0.7660
0.7540
0.7660
0.7660
0.7560
0.7580
0.7580
0.7680
0.7600
0.7580
0.7520
0.7440
0.7380
0.7360
0.7340
0.7540
0.7600
0.7740
0.7700
0.7700
0.7700
0.7760
0.7860
0.8180
0.8320
0.7960
0.8080
0.8240
0.8260
0.8220
0.8180
0.8180
0.8040
0.8040
0.7980
0.8020
0.7900
0.7840
0.7880
0.8060
0.8440
0.8540
0.8620
0.8600
0.8640
0.8680
0.8640
0.8640
0.8660
0.8660
0.8640
0.8680
0.8640
0.8740
0.8800
0.8780
0.8740
0.8780
0.8760
0.8760
0.8760
0.8740
0.8800
0.8800
0.8800
0.8760
0.8700
0.8660
