0.7045
0.7388
0.7567
0.8355
0.7934
0.8419
0.8488
0.8709
0.9138
0.9105
0.9120
0.9093
0.9073
0.9087
0.9444
0.9283
0.9536
0.9548
0.9565
0.9576
0.9541
0.9578
0.9584
0.9582
0.9593
0.9599
0.9597
0.9598
0.9605
0.9610
0.9608
0.9617
0.9610
0.9621
0.9628
0.9630
0.9625
0.9629
0.9638
0.9641
0.9642
0.9645
0.9649
0.9650
0.9652
0.9665
0.9655
0.9664
0.9671
0.9671
0.9665
0.9665
0.9671
0.9672
0.9675
0.9682
0.9690
0.9686
0.9688
0.9687
0.9687
0.9696
0.9688
0.9697
0.9701
0.9698
0.9699
0.9703
0.9706
0.9711
0.9710
0.9712
0.9717
0.9718
0.9716
0.9720
0.9726
0.9729
0.9726
0.9725
0.9739
0.9733
0.9736
0.9734
0.9741
0.9741
0.9739
0.9743
0.9748
0.9738
0.9747
0.9750
0.9751
0.9750
0.9746
0.9748
0.9742
0.9755
0.9756
0.9752
