0.6474
0.6128
0.4130
0.4009
0.4009
0.4009
0.3997
0.4007
0.4007
0.4004
0.4004
0.4004
0.4003
0.4003
0.4004
0.4002
0.4004
0.4003
0.4004
0.4006
0.4007
0.4006
0.4003
0.4004
0.4004
0.4003
0.4004
0.4004
0.4004
0.4004
0.4003
0.4003
0.4004
0.4004
0.4004
0.4003
0.4002
0.4004
0.4007
0.4004
0.4004
0.4004
0.4004
0.4004
0.4007
0.4002
0.4003
0.4004
0.4003
0.4002
0.4004
0.4004
0.4003
0.4005
0.4004
0.4003
0.4004
0.4004
0.4004
0.4004
0.4003
0.4005
0.4003
0.4004
0.4004
0.4004
0.4003
0.4004
0.4003
0.4003
0.4002
0.4004
0.4003
0.4004
0.4003
0.4004
0.4003
0.4007
0.4004
0.4006
0.4007
0.4005
0.4006
0.4005
0.4005
0.4006
0.4006
0.4004
0.4005
0.4006
0.4005
0.4005
0.4006
0.4005
0.4006
0.4005
0.4005
0.4006
0.4006
0.4005
