0.7089
0.7139
0.6822
0.7061
0.6882
0.7502
0.7607
0.7516
0.7345
0.7551
0.7405
0.7574
0.7917
0.7759
0.7746
0.7668
0.8103
0.8530
0.8456
0.8296
0.8167
0.8097
0.8116
0.8068
0.8161
0.8026
0.8179
0.8083
0.8028
0.7933
0.7982
0.7886
0.7889
0.7889
0.7851
0.8002
0.7994
0.7910
0.7732
0.7883
0.8021
0.7881
0.7962
0.7915
0.7836
0.7925
0.8020
0.8498
0.8507
0.8542
0.8548
0.8551
0.8547
0.8551
0.8560
0.8560
0.8562
0.8566
0.8571
0.8572
0.8571
0.8573
0.8578
0.8576
0.8575
0.8579
0.8582
0.8581
0.8583
0.8580
0.8586
0.8588
0.8588
0.8584
0.8593
0.8592
0.8593
0.8589
0.8592
0.8590
0.8595
0.8596
0.8591
0.8594
0.8603
0.8601
0.8593
0.8599
0.8603
0.8601
0.8605
0.8604
0.8605
0.8607
0.8606
0.8611
0.8604
0.8609
0.8617
0.8612
