0.6702
0.6617
0.6831
0.6730
0.7147
0.7264
0.7178
0.7508
0.7818
0.7711
0.7694
0.7674
0.7594
0.7644
0.7802
0.7780
0.7677
0.7685
0.7660
0.7665
0.7646
0.7689
0.7689
0.7691
0.7697
0.7698
0.7703
0.7709
0.7703
0.7703
0.7688
0.7715
0.7716
0.7713
0.7729
0.7723
0.7729
0.7725
0.7733
0.7737
0.7744
0.7745
0.7749
0.7745
0.7748
0.7741
0.7746
0.7755
0.7750
0.7750
0.7749
0.7757
0.7755
0.7752
0.7765
0.7759
0.7763
0.7766
0.7758
0.7766
0.7768
0.7765
0.7770
0.7765
0.7772
0.7769
0.7771
0.7775
0.7773
0.7772
0.7773
0.7775
0.7779
0.7778
0.7780
0.7782
0.7783
0.7786
0.7785
0.7795
0.7791
0.7796
0.7953
0.7854
0.7802
0.7811
0.7794
0.7792
0.7821
0.7796
0.7819
0.7793
0.7871
0.7870
0.7849
0.7981
0.7798
0.7822
0.7801
0.7803
