0.6777
0.5975
0.3229
0.3217
0.3262
0.5288
0.5348
0.5921
0.5782
0.5536
0.5281
0.5982
0.5133
0.7303
0.6601
0.7811
0.7950
0.7994
0.7919
0.7965
0.7856
0.8037
0.8325
0.8624
0.8508
0.8649
0.8689
0.8757
0.8889
0.8878
0.8954
0.8840
0.8882
0.8998
0.9057
0.9008
0.9075
0.9091
0.9080
0.9103
0.9102
0.9106
0.9099
0.9112
0.9110
0.9131
0.9129
0.9131
0.9133
0.9135
0.9135
0.9148
0.9141
0.9157
0.9155
0.9159
0.9154
0.9160
0.9159
0.9167
0.9157
0.9176
0.9165
0.9166
0.9179
0.9179
0.9180
0.9182
0.9183
0.9191
0.9187
0.9187
0.9192
0.9198
0.9197
0.9196
0.9202
0.9204
0.9205
0.9213
0.9200
0.9207
0.9212
0.9209
0.9210
0.9214
0.9220
0.9221
0.9223
0.9225
0.9228
0.9228
0.9231
0.9232
0.9233
0.9231
0.9228
0.9234
0.9234
0.9235
