0.7560
0.7560
0.7700
0.7920
0.8380
0.8340
0.7880
0.8080
0.7760
0.7440
0.8860
0.8840
0.8700
0.8720
0.8340
0.8700
0.8540
0.8800
0.8360
0.8620
0.8440
0.8440
0.8560
0.8060
0.7560
0.8120
0.7640
0.8120
0.7640
0.7600
0.7580
0.8140
0.8320
0.8040
0.8420
0.8400
0.8320
0.8420
0.8460
0.8300
0.8480
0.8420
0.8160
0.8620
0.8500
0.8500
0.8460
0.8400
0.8400
0.8400
0.8560
0.8520
0.8560
0.8540
0.8540
0.8540
0.8660
0.8620
0.8660
0.8640
0.8640
0.8740
0.8720
0.8440
0.8520
0.8760
0.8720
0.8720
0.8780
0.8760
0.8740
0.8760
0.8760
0.8800
0.8760
0.8720
0.8820
0.8900
0.8900
0.8960
0.8920
0.8900
0.8940
0.8960
0.8960
0.8940
0.8940
0.8960
0.8940
0.8960
0.8940
0.8960
0.8940
0.8980
0.8920
0.8980
0.8960
0.8940
0.8940
0.8940
