0.7011
0.6905
0.7035
0.6873
0.6735
0.7017
0.7881
0.6952
0.7252
0.8134
0.7669
0.7587
0.7614
0.7911
0.7739
0.7529
0.7718
0.7964
0.7760
0.7615
0.7477
0.7911
0.7864
0.7855
0.7672
0.7591
0.7755
0.8323
0.8371
0.8338
0.8359
0.8367
0.8371
0.8444
0.8448
0.8402
0.8397
0.8454
0.8403
0.8433
0.8411
0.8471
0.8455
0.8427
0.8428
0.8491
0.8435
0.8454
0.8439
0.8516
0.8502
0.8463
0.8488
0.8446
0.8481
0.8452
0.8446
0.8451
0.8467
0.8458
0.8454
0.8507
0.8459
0.8470
0.8469
0.8477
0.8473
0.8473
0.8469
0.8466
0.8477
0.8477
0.8477
0.8481
0.8480
0.8482
0.8478
0.8481
0.8480
0.8483
0.8483
0.8490
0.8488
0.8486
0.8486
0.8488
0.8487
0.8492
0.8492
0.8496
0.8497
0.8498
0.8497
0.8498
0.8496
0.8497
0.8498
0.8496
0.8499
0.8502
