0.6877
0.6582
0.6388
0.6548
0.6469
0.6088
0.6366
0.6467
0.6956
0.7284
0.7863
0.8309
0.8468
0.8622
0.8589
0.8657
0.8683
0.8661
0.8680
0.8716
0.8725
0.8807
0.8778
0.8680
0.8612
0.8726
0.8745
0.8626
0.8757
0.8700
0.8782
0.8654
0.8623
0.8625
0.8624
0.8631
0.8631
0.8635
0.8630
0.8635
0.8646
0.8650
0.8643
0.8651
0.8660
0.8652
0.8662
0.8661
0.8667
0.8663
0.8670
0.8671
0.8668
0.8685
0.8676
0.8673
0.8774
0.8679
0.8688
0.8767
0.8727
0.8783
0.8788
0.8771
0.8697
0.8704
0.8805
0.8804
0.8806
0.8781
0.8810
0.8921
0.8844
0.8817
0.8813
0.8826
0.8817
0.8879
0.8792
0.8879
0.8820
0.8720
0.8819
0.8732
0.8753
0.8725
0.8747
0.8748
0.8731
0.8792
0.8835
0.8832
0.8835
0.8739
0.8772
0.8745
0.8823
0.8741
0.8747
0.8740
