0.6990
0.7308
0.7589
0.7718
0.8003
0.8304
0.8212
0.8309
0.8484
0.8555
0.8573
0.8568
0.8574
0.8653
0.8825
0.8718
0.8784
0.8693
0.8772
0.8648
0.8716
0.8664
0.8704
0.8770
0.8755
0.8758
0.8763
0.8767
0.8793
0.8852
0.8781
0.8793
0.8772
0.8780
0.8792
0.8794
0.8793
0.8800
0.8805
0.8805
0.8810
0.8810
0.8815
0.8806
0.8808
0.8811
0.8811
0.8818
0.8814
0.8822
0.8813
0.8818
0.8827
0.8825
0.8788
0.8823
0.8829
0.8824
0.8828
0.8832
0.8835
0.8831
0.8832
0.8778
0.8832
0.8825
0.8778
0.8847
0.8845
0.8861
0.8844
0.8859
0.8855
0.8853
0.8853
0.8833
0.8827
0.8852
0.8865
0.8857
0.8856
0.8860
0.8878
0.8868
0.8923
0.8876
0.8954
0.8873
0.8868
0.8871
0.8882
0.8875
0.8871
0.8888
0.8881
0.8882
0.8887
0.8885
0.8894
0.8882
