0.6783
0.6454
0.7020
0.7220
0.6839
0.7553
0.7657
0.7620
0.8124
0.7906
0.8357
0.8424
0.8417
0.8463
0.8468
0.8323
0.8412
0.8348
0.8394
0.8133
0.8439
0.8485
0.8458
0.8480
0.8476
0.8439
0.8458
0.8458
0.8495
0.8478
0.8468
0.8462
0.8495
0.8464
0.8474
0.8503
0.8472
0.8506
0.8510
0.8516
0.8487
0.8519
0.8557
0.8517
0.8550
0.8514
0.8549
0.8620
0.8555
0.8532
0.8518
0.8540
0.8520
0.8533
0.8506
0.8499
0.8520
0.8592
0.8559
0.8616
0.8568
0.8620
0.8606
0.8658
0.8629
0.8660
0.8655
0.8667
0.8684
0.8584
0.8635
0.8597
0.8577
0.8610
0.8597
0.8547
0.8567
0.8585
0.8655
0.8589
0.9151
0.9129
0.9103
0.9131
0.9099
0.9145
0.9103
0.9110
0.9015
0.9021
0.9168
0.9142
0.9139
0.9143
0.9153
0.9106
0.9082
0.9144
0.9190
0.9181
